+9600971070
+9601231231
+9601888798
+9601971579
+9607200002
+9607210777
+9607211119
+9607211284
+9607211505
+9607212125
+9607212171
+9607212359
+9607215805
+9607217548
+9607218226
+9607218616
+9607220515
+9607222020
+9607222252
+9607222288
+9607222379
+9607222405
+9607229002
+9607229919
+9607230794
+9607231822
+9607232328
+9607242604
+9607246148
+9607247332
+9607247888
+9607252123
+9607252550
+9607255232
+9607257626
+9607266900
+9607280792
+9607280978
+9607285146
+9607309380
+9607312313
+9607322237
+9607322265
+9607323248
+9607325678
+9607327405
+9607330074
+9607330266
+9607332133
+9607333114
+9607333200
+9607334173
+9607334177
+9607334763
+9607336869
+9607337177
+9607339888
+9607340707
+9607344171
+9607347633
+9607348417
+9607348426
+9607349693
+9607351994
+9607353373
+9607356667
+9607357358
+9607363631
+9607365853
+9607367878
+9607372388
+9607373637
+9607373911
+9607376873
+9607377111
+9607377701
+9607378787
+9607380506
+9607384119
+9607386339
+9607386855
+9607386899
+9607387022
+9607387135
+9607387244
+9607387932
+9607387942
+9607388281
+9607388814
+9607388995
+9607388996
+9607393285
+9607396533
+9607397244
+9607400879
+9607406011
+9607407985
+9607409069
+9607411235
+9607417014
+9607420171
+9607421044
+9607421435
+9607421442
+9607422477
+9607423204
+9607424846
+9607424849
+9607426869
+9607429391
+9607433058
+9607434337
+9607434358
+9607434933
+9607435387
+9607438158
+9607438359
+9607440253
+9607441747
+9607442284
+9607442379
+9607442911
+9607443775
+9607443962
+9607444059
+9607444146
+9607444161
+9607444186
+9607444509
+9607447372
+9607450103
+9607454889
+9607455000
+9607455236
+9607455777
+9607456583
+9607457944
+9607458929
+9607459620
+9607459629
+9607461416
+9607462255
+9607462656
+9607464948
+9607465222
+9607465890
+9607466202
+9607466276
+9607466677
+9607467460
+9607468525
+9607470123
+9607471413
+9607471714
+9607474122
+9607474232
+9607475807
+9607476648
+9607477070
+9607477137
+9607477266
+9607477748
+9607477916
+9607479383
+9607480709
+9607481837
+9607483703
+9607484655
+9607484893
+9607485789
+9607488039
+9607488647
+9607488847
+9607488867
+9607491111
+9607492299
+9607492422
+9607492737
+9607495843
+9607495844
+9607498968
+9607499922
+9607501346
+9607501396
+9607502307
+9607502877
+9607504009
+9607505128
+9607505129
+9607506012
+9607507939
+9607512311
+9607515593
+9607518056
+9607520005
+9607522442
+9607525315
+9607525325
+9607526135
+9607526806
+9607527663
+9607530110
+9607530535
+9607532313
+9607536866
+9607537118
+9607537538
+9607545333
+9607545557
+9607549444
+9607551189
+9607552535
+9607552618
+9607552772
+9607554245
+9607554372
+9607554786
+9607555000
+9607555662
+9607558080
+9607558365
+9607559559
+9607559800
+9607559809
+9607561209
+9607563275
+9607563791
+9607563923
+9607564282
+9607565434
+9607568567
+9607571867
+9607573719
+9607574141
+9607575317
+9607575507
+9607575956
+9607576382
+9607576667
+9607577042
+9607577047
+9607577770
+9607579782
+9607579783
+9607579784
+9607580554
+9607580750
+9607582266
+9607583883
+9607584241
+9607585240
+9607587607
+9607590009
+9607590102
+9607590929
+9607592330
+9607592891
+9607593335
+9607593974
+9607595747
+9607596838
+9607596839
+9607597275
+9607597677
+9607599615
+9607599799
+9607601035
+9607605223
+9607606623
+9607606624
+9607608379
+9607608635
+9607610008
+9607610009
+9607612932
+9607616160
+9607616169
+9607617054
+9607617064
+9607617171
+9607617275
+9607618813
+9607619476
+9607620192
+9607620690
+9607621708
+9607622276
+9607623334
+9607624020
+9607627177
+9607633000
+9607633362
+9607636707
+9607640090
+9607642255
+9607643864
+9607644375
+9607644469
+9607644714
+9607644856
+9607645946
+9607647131
+9607653221
+9607655795
+9607657363
+9607657672
+9607657800
+9607659205
+9607660403
+9607661000
+9607661943
+9607662497
+9607664070
+9607665317
+9607665571
+9607666280
+9607666346
+9607666621
+9607666763
+9607667709
+9607668259
+9607669296
+9607669579
+9607669677
+9607669679
+9607670897
+9607672864
+9607673318
+9607674104
+9607675518
+9607676125
+9607676152
+9607676448
+9607676768
+9607676769
+9607676933
+9607677994
+9607681441
+9607683607
+9607684368
+9607685877
+9607686401
+9607686886
+9607687401
+9607689891
+9607690754
+9607692915
+9607694079
+9607696465
+9607696565
+9607696769
+9607699444
+9607699699
+9607700292
+9607700708
+9607700778
+9607701575
+9607703666
+9607706237
+9607708582
+9607709076
+9607709103
+9607710684
+9607712243
+9607714008
+9607714009
+9607717274
+9607717412
+9607717665
+9607720684
+9607721714
+9607722229
+9607722705
+9607722997
+9607723071
+9607723343
+9607723619
+9607724233
+9607724294
+9607728073
+9607728863
+9607728988
+9607729302
+9607732769
+9607733222
+9607733770
+9607734112
+9607737811
+9607738860
+9607740460
+9607742425
+9607744490
+9607746339
+9607746647
+9607746757
+9607747668
+9607748797
+9607750275
+9607750598
+9607750736
+9607751213
+9607753874
+9607755613
+9607755836
+9607756752
+9607758485
+9607762543
+9607770073
+9607770218
+9607770324
+9607770397
+9607770542
+9607770775
+9607770807
+9607770826
+9607770933
+9607771899
+9607772798
+9607774086
+9607774604
+9607775460
+9607775703
+9607775762
+9607775763
+9607775823
+9607776122
+9607777053
+9607777482
+9607777790
+9607779043
+9607779054
+9607779098
+9607779106
+9607779208
+9607779861
+9607779918
+9607780404
+9607782679
+9607783933
+9607784033
+9607784393
+9607784947
+9607784987
+9607786236
+9607786436
+9607788371
+9607788443
+9607788527
+9607788768
+9607788778
+9607789456
+9607789876
+9607790204
+9607791526
+9607791577
+9607792101
+9607792628
+9607793925
+9607794031
+9607797449
+9607798071
+9607799938
+9607800175
+9607800493
+9607801095
+9607801156
+9607801806
+9607801810
+9607802085
+9607810049
+9607810203
+9607812420
+9607814302
+9607818812
+9607820548
+9607821235
+9607824341
+9607826879
+9607827059
+9607827935
+9607828924
+9607831738
+9607832243
+9607832342
+9607832838
+9607833004
+9607833665
+9607833847
+9607836419
+9607837575
+9607837978
+9607838331
+9607838383
+9607838586
+9607838795
+9607841042
+9607842237
+9607843356
+9607844589
+9607847587
+9607849426
+9607854031
+9607854041
+9607856856
+9607858655
+9607859999
+9607861010
+9607861046
+9607864467
+9607864478
+9607866851
+9607866863
+9607867636
+9607870266
+9607870323
+9607874074
+9607874535
+9607876085
+9607877738
+9607877979
+9607878774
+9607879799
+9607879820
+9607880910
+9607882221
+9607882224
+9607882999
+9607883880
+9607883993
+9607886999
+9607887099
+9607887676
+9607888222
+9607888443
+9607888880
+9607888891
+9607890546
+9607891596
+9607893465
+9607894212
+9607894440
+9607894754
+9607895952
+9607898962
+9607900051
+9607901065
+9607901666
+9607901790
+9607904835
+9607904845
+9607905666
+9607905979
+9607906013
+9607906119
+9607907664
+9607907773
+9607908408
+9607909064
+9607909066
+9607909299
+9607909788
+9607909827
+9607910031
+9607910067
+9607911438
+9607911513
+9607911888
+9607913819
+9607913871
+9607915594
+9607916662
+9607916832
+9607917090
+9607918220
+9607918554
+9607918988
+9607920306
+9607920338
+9607920556
+9607922923
+9607925125
+9607925441
+9607927824
+9607927842
+9607932231
+9607933865
+9607937001
+9607940728
+9607941655
+9607945878
+9607947079
+9607949836
+9607954248
+9607955559
+9607955575
+9607955776
+9607956321
+9607958809
+9607961918
+9607963432
+9607966095
+9607966605
+9607967174
+9607968273
+9607968458
+9607969790
+9607970990
+9607971310
+9607972424
+9607975224
+9607975225
+9607975333
+9607976434
+9607977132
+9607977828
+9607977977
+9607978874
+9607979057
+9607979784
+9607979788
+9607979823
+9607979979
+9607980572
+9607982225
+9607982322
+9607983289
+9607983678
+9607984002
+9607984217
+9607984326
+9607985571
+9607988039
+9607989595
+9607989596
+9607989722
+9607991412
+9607991587
+9607993747
+9607995589
+9607996161
+9607996507
+9607996758
+9607996998
+9607997918
+9607998277
+9607999017
+9607999386
+9607999558
+9607999721
+9607999728
+9607999765
+9607999886
+9607999995
+9608484268
+9608834142
+9609100400
+9609101074
+9609101076
+9609101102
+9609101311
+9609101642
+9609101899
+9609102250
+9609103669
+9609103697
+9609103851
+9609104213
+9609106691
+9609107067
+9609108867
+9609108994
+9609111070
+9609111166
+9609111182
+9609111269
+9609112222
+9609112797
+9609112840
+9609112849
+9609113232
+9609114293
+9609114740
+9609115598
+9609115599
+9609118404
+9609118480
+9609119922
+9609120675
+9609122569
+9609122626
+9609122777
+9609123208
+9609123724
+9609124778
+9609126818
+9609126926
+9609128405
+9609128606
+9609128816
+9609128819
+9609129098
+9609131447
+9609131702
+9609132127
+9609133561
+9609134848
+9609135156
+9609135818
+9609136078
+9609137070
+9609138023
+9609141541
+9609142538
+9609142628
+9609144657
+9609144912
+9609146331
+9609147007
+9609147701
+9609147793
+9609148787
+9609149999
+9609150095
+9609150096
+9609151302
+9609151545
+9609151582
+9609152247
+9609152420
+9609154272
+9609157029
+9609161416
+9609161618
+9609163122
+9609166162
+9609166671
+9609168121
+9609168169
+9609170452
+9609171849
+9609171985
+9609172108
+9609172109
+9609173293
+9609174605
+9609174606
+9609177770
+9609181301
+9609181318
+9609181325
+9609181381
+9609181646
+9609181770
+9609185212
+9609186183
+9609186193
+9609186969
+9609188154
+9609188831
+9609189111
+9609191224
+9609191225
+9609192124
+9609192218
+9609192645
+9609192963
+9609194227
+9609194550
+9609196156
+9609196862
+9609197015
+9609198993
+9609199758
+9609199898
+9609219862
+9609220718
+9609221483
+9609221617
+9609224348
+9609233215
+9609233986
+9609235232
+9609236795
+9609241715
+9609243303
+9609243675
+9609245953
+9609248212
+9609248842
+9609250004
+9609250135
+9609253211
+9609266648
+9609300004
+9609300060
+9609300099
+9609313120
+9609313554
+9609315077
+9609315575
+9609317488
+9609323395
+9609326605
+9609330022
+9609331033
+9609332002
+9609332155
+9609333557
+9609333999
+9609334110
+9609335999
+9609337774
+9609338656
+9609341414
+9609343343
+9609343838
+9609343900
+9609344144
+9609347330
+9609347442
+9609348096
+9609349955
+9609362946
+9609366999
+9609372727
+9609375647
+9609377098
+9609377181
+9609377243
+9609380151
+9609381499
+9609385295
+9609385552
+9609386039
+9609387179
+9609389784
+9609393324
+9609396622
+9609398888
+9609399098
+9609399383
+9609403333
+9609403540
+9609403626
+9609404011
+9609404043
+9609405753
+9609406173
+9609406827
+9609408829
+9609412029
+9609413308
+9609413309
+9609415229
+9609415544
+9609416161
+9609416458
+9609417177
+9609417705
+9609419397
+9609423313
+9609425569
+9609428354
+9609429403
+9609432111
+9609432445
+9609433735
+9609434091
+9609438817
+9609440183
+9609441182
+9609442423
+9609444332
+9609444383
+9609444431
+9609444442
+9609444475
+9609444882
+9609445928
+9609448899
+9609449123
+9609451999
+9609454053
+9609454566
+9609455600
+9609455925
+9609457488
+9609459908
+9609461381
+9609464601
+9609464946
+9609468498
+9609468797
+9609474403
+9609474695
+9609476547
+9609477725
+9609478767
+9609479139
+9609479191
+9609482238
+9609484119
+9609484268
+9609486162
+9609488253
+9609488818
+9609488895
+9609490797
+9609490990
+9609491700
+9609493177
+9609494439
+9609494447
+9609494561
+9609494660
+9609494839
+9609494940
+9609495585
+9609496869
+9609497703
+9609497776
+9609498616
+9609499568
+9609500014
+9609503471
+9609505135
+9609505553
+9609507476
+9609509044
+9609509210
+9609509251
+9609510499
+9609510826
+9609512230
+9609512666
+9609515381
+9609517524
+9609518251
+9609520009
+9609520683
+9609521222
+9609522183
+9609523060
+9609524317
+9609524649
+9609525065
+9609525362
+9609526132
+9609527077
+9609528119
+9609528242
+9609528581
+9609528681
+9609529645
+9609529925
+9609530806
+9609532236
+9609532572
+9609532764
+9609533888
+9609534090
+9609534317
+9609535995
+9609536865
+9609537379
+9609538070
+9609543238
+9609544338
+9609544729
+9609545659
+9609549102
+9609551105
+9609551231
+9609551910
+9609553331
+9609554522
+9609554523
+9609555088
+9609555503
+9609555534
+9609555557
+9609555562
+9609555573
+9609555809
+9609556633
+9609557107
+9609557722
+9609558843
+9609558864
+9609559033
+9609564487
+9609564565
+9609565186
+9609566605
+9609566606
+9609567000
+9609568128
+9609568491
+9609569632
+9609569795
+9609572754
+9609578787
+9609587767
+9609588356
+9609588422
+9609588459
+9609589698
+9609589900
+9609591341
+9609591457
+9609592353
+9609595910
+9609596669
+9609596940
+9609598883
+9609599325
+9609599609
+9609599797
+9609607422
+9609607623
+9609607669
+9609607818
+9609607947
+9609607975
+9609607979
+9609609101
+9609609224
+9609609313
+9609609425
+9609609494
+9609609512
+9609609572
+9609609685
+9609609696
+9609609798
+9609609809
+9609609814
+9609609922
+9609609923
+9609609999
+9609630666
+9609631118
+9609631506
+9609631813
+9609632339
+9609633083
+9609633332
+9609633923
+9609634811
+9609635302
+9609635841
+9609636653
+9609637228
+9609637334
+9609637344
+9609637679
+9609639388
+9609639796
+9609639818
+9609639867
+9609640401
+9609641179
+9609641253
+9609641501
+9609641663
+9609642001
+9609642680
+9609643432
+9609644425
+9609644528
+9609644709
+9609646265
+9609646665
+9609647465
+9609647632
+9609648001
+9609649769
+9609649829
+9609651194
+9609651919
+9609652848
+9609654487
+9609655912
+9609656564
+9609657878
+9609659322
+9609660055
+9609660603
+9609660875
+9609661194
+9609661234
+9609661431
+9609662391
+9609663524
+9609665899
+9609666025
+9609666376
+9609666664
+9609666718
+9609666778
+9609666885
+9609666988
+9609667417
+9609669579
+9609669646
+9609670068
+9609670381
+9609670809
+9609670888
+9609672413
+9609673725
+9609673917
+9609674006
+9609674848
+9609677225
+9609679117
+9609679670
+9609681984
+9609683673
+9609684625
+9609685480
+9609685972
+9609686282
+9609686855
+9609687507
+9609690668
+9609691980
+9609692776
+9609693152
+9609694653
+9609694930
+9609696483
+9609696917
+9609696936
+9609698847
+9609699313
+9609699609
+9609700093
+9609700095
+9609701992
+9609702348
+9609702401
+9609702872
+9609702999
+9609704068
+9609709390
+9609710017
+9609710250
+9609710707
+9609711179
+9609712126
+9609713528
+9609715221
+9609715790
+9609716126
+9609717735
+9609718043
+9609722211
+9609722303
+9609723477
+9609726525
+9609727217
+9609728447
+9609730999
+9609732323
+9609732721
+9609734005
+9609734299
+9609734316
+9609734678
+9609735000
+9609735743
+9609736666
+9609736737
+9609737543
+9609738586
+9609739739
+9609741992
+9609743413
+9609743999
+9609747099
+9609747480
+9609747792
+9609749050
+9609750022
+9609751333
+9609751808
+9609755238
+9609755276
+9609755528
+9609755542
+9609755781
+9609757317
+9609760086
+9609761441
+9609762258
+9609762345
+9609764497
+9609764976
+9609765842
+9609766246
+9609767073
+9609768141
+9609768292
+9609770270
+9609771616
+9609775252
+9609775352
+9609775959
+9609776463
+9609776662
+9609776716
+9609777121
+9609777170
+9609777225
+9609777424
+9609777657
+9609777762
+9609777858
+9609777999
+9609779720
+9609780000
+9609780377
+9609781049
+9609781440
+9609782209
+9609782224
+9609784129
+9609787380
+9609787637
+9609788098
+9609788288
+9609788487
+9609788890
+9609788897
+9609790418
+9609791013
+9609791526
+9609792290
+9609792390
+9609793441
+9609794558
+9609796063
+9609797031
+9609797871
+9609798033
+9609798866
+9609799353
+9609799698
+9609799913
+9609800023
+9609800575
+9609800700
+9609800737
+9609802699
+9609805044
+9609805400
+9609805555
+9609808484
+9609809289
+9609810007
+9609810772
+9609811882
+9609813040
+9609814137
+9609815005
+9609818131
+9609818180
+9609819677
+9609819691
+9609820210
+9609820705
+9609820899
+9609822223
+9609825597
+9609827117
+9609827554
+9609828298
+9609830084
+9609830995
+9609831161
+9609831577
+9609832366
+9609832767
+9609835114
+9609836799
+9609838348
+9609840002
+9609840698
+9609840907
+9609841964
+9609843474
+9609844588
+9609844848
+9609846363
+9609848371
+9609849534
+9609850009
+9609850110
+9609851225
+9609852055
+9609852900
+9609852928
+9609854009
+9609855568
+9609857272
+9609857685
+9609858504
+9609858572
+9609858711
+9609859990
+9609859997
+9609860257
+9609860903
+9609861617
+9609862675
+9609864371
+9609864449
+9609865669
+9609866644
+9609867919
+9609868919
+9609870063
+9609878089
+9609878313
+9609878747
+9609879879
+9609879946
+9609879970
+9609881316
+9609882342
+9609884867
+9609885566
+9609886771
+9609888068
+9609888570
+9609888658
+9609888780
+9609888862
+9609888881
+9609888971
+9609889003
+9609889767
+9609889994
+9609892010
+9609892025
+9609894013
+9609896122
+9609896965
+9609896982
+9609897090
+9609898671
+9609898885
+9609898927
+9609898932
+9609899598
+9609900353
+9609900385
+9609900575
+9609902527
+9609903037
+9609903365
+9609904446
+9609904644
+9609905343
+9609905466
+9609905765
+9609906542
+9609907746
+9609908627
+9609909987
+9609911321
+9609911387
+9609911613
+9609912110
+9609912218
+9609915050
+9609917755
+9609919453
+9609920186
+9609920220
+9609921153
+9609921711
+9609923094
+9609925026
+9609925898
+9609926366
+9609927077
+9609928289
+9609928298
+9609933101
+9609933317
+9609933318
+9609933829
+9609938900
+9609943141
+9609943163
+9609943235
+9609944456
+9609944880
+9609945488
+9609946969
+9609947008
+9609947444
+9609948474
+9609951412
+9609960433
+9609960552
+9609961157
+9609961173
+9609962689
+9609963036
+9609963457
+9609963628
+9609963878
+9609964000
+9609964326
+9609964761
+9609966966
+9609967440
+9609968611
+9609968628
+9609969055
+9609970101
+9609970300
+9609971144
+9609971239
+9609974514
+9609977385
+9609977388
+9609977745
+9609977752
+9609978689
+9609978858
+9609983569
+9609983919
+9609985132
+9609986404
+9609986693
+9609988022
+9609988078
+9609989532
+9609990012
+9609990327
+9609990359
+9609990395
+9609990404
+9609990441
+9609990956
+9609991231
+9609991702
+9609991836
+9609991926
+9609991981
+9609992029
+9609992238
+9609992256
+9609992280
+9609992322
+9609992356
+9609992465
+9609993112
+9609993123
+9609993526
+9609993909
+9609994171
+9609994196
+9609994360
+9609994620
+9609994669
+9609994844
+9609995130
+9609995338
+9609995633
+9609995768
+9609995838
+9609995914
+9609996042
+9609996696
+9609996697
+9609996815
+9609996895
+9609997026
+9609997154
+9609997194
+9609997234
+9609997268
+9609997639
+9609997968
+9609998149
+9609998956
+9609998965
+9609999354
+9609999363
+9609999516
+9609999530
+9609999639
+9609999681
+9609999717
+9609999810
+9609999999
